@! 0 200 200 1664 1
PAGE-WIDTH 576
;˳ɼ
;һά




B 128 2 1 85 72 55 608935556856
;˵
;TEXT 55 0 80 175  
SETBOLD 1
TEXT 8 0 60 165 1/2
TEXT 8 0 110 165 ĸ 608 935 556 856
TEXT 8 0 110 165  
SETBOLD 0
LEFT
BOX 0 220 572 776 1
LINE 0 220 572 220 1
LINE 0 311 572 311 1
LINE 0 424 572 424 1
LINE 0 512 572 512 1
LINE 0 627 572 627 1
LINE 0 690 572 690 1
LINE 436 50 572 50 1
LINE 572 436 572 50 1
LINE 436 90 572 90 1
LINE 36 627 36 776 1
LINE 36 220 36 512 1
LINE 436 50 436 220 1
LINE 436 627 436 776 1
LINE 272 690 272 776 1
SETBOLD 1
TEXT 55 0 11 236 Ŀ
TEXT 55 0 11 261 
TEXT 55 0 11 286 
TEXT 55 0 11 335 
TEXT 55 0 11 360 
TEXT 55 0 11 385 
TEXT 55 0 11 435 
TEXT 55 0 11 460 
TEXT 55 0 11 486 
TEXT 55 0 11 631 
TEXT 55 0 11 651 
TEXT 55 0 11 671 
TEXT 55 0 11 714 
TEXT 55 0 11 734 ע
SETBOLD 0
TEXT 8 0 453 632  
TEXT 55 0 466 668 ȡ
TEXT 55 0 531 668 Լ
SETMAG 2 2
SETBOLD 1
TEXT 55 0 503 656  
SETMAG 1 1
SETBOLD 0
TEXT 55 0 46 698  
TEXT 55 0 46 723  
SETBOLD 1
TEXT 15 0 46 698 
TEXT 8 0 46 720  
SETBOLD 0
TEXT 55 0 8 518 ʽ
TEXT 55 0 8 547 ½˺ţ
TEXT 55 0 8 576 
TEXT 55 0 8 605 úϼƣ
TEXT 55 0 196 518 Ʒ
TEXT 55 0 196 540 ʵ
TEXT 55 0 196 562 ˷ѣ
SETBOLD 0
;Ƕ̬ӡ 磺
;TEXT 55 0 196 574 ֵ1250000Ԫ
;TEXT 55 0 196 594 ۷ã40000Ԫ
;TEXT 55 0 376 514 Իװ300Ԫ
;TEXT 55 0 376 534 ׼װ500Ԫ
;TEXT 55 0 376 554 Żȯ22Ԫ
;TEXT 55 0 376 574 250000Ԫ
;TEXT 55 0 376 594 أ40000Ԫ
TEXT 55 0 275 694 ռԱ
TEXT 55 0 275 714 ļڣ
TEXT 55 0 275 734 ʱ䣺
TEXT 55 0 275 754 ɼԱ
TEXT 55 0 440 694 ǩ
TEXT 55 0 518 752   
SETBOLD 1
;ҵ
TEXT 8 0 442 58 ר
;ջ
TEXT 8 0 450 100 ջ
SETBOLD 0
TEXT 55 0 440 135 :5963568968
TEXT 55 0 440 167 3.12Ԫ
SETMAG 4 4
;Ŀĵ
TEXT 24 0 65 221 526AQ
TEXT 24 0 60 223  
TEXT 24 0 60 264  
TEXT 4 1 40 233  
TEXT 4 0 40 223  
TEXT 4 0 40 264  
SETMAG 1 1
;·ɱǩ
;TEXT 4 1 406 230 330
SETBOLD 1
;ռϢ
TEXT 8 0 46 320  13342009016 ֤ȯ֤ȯӪҵ
TEXT 8 0 46 355 㽭ʡԽ·56
TEXT 8 0 46 390 
SETBOLD 0
;ļϢ
TEXT 8 0 46 430  15979313060 ͨڷ
TEXT 8 0 46 456 Ϻо·670ţ䶨·
TEXT 8 0 46 482 
;ʽ  磺ĸ
TEXT 55 0 88 518 
;½˺
TEXT 55 0 88 547 464766625
;
TEXT 55 0 108 576 489
;úϼ
TEXT 55 0 88 605 6.07Ԫ
;Ʒ
TEXT 55 0 276 518 5.19
;ʵ
TEXT 55 0 276 540 5.19
;˷
TEXT 55 0 246 562 1.36
;м
TEXT 55 0 46 645 ,1
TEXT 55 0 46 665 
BOX 441 667 461 687 1
BOX 506 667 526 687 1
;ռԱ
TEXT 55 0 335 694 131146
TEXT 55 0 395 694 HHT6
;ļ
TEXT 55 0 350 714 2017-06-25
;ļʱ
TEXT 55 0 320 734 14:25
SETBOLD 0
TEXT 55 0 196 584 ˳ȯ8.46Ԫ
TEXT 55 0 196 606  
;ռͻ
BOX 0 824 572 1144 1
LINE 0 850 572 850 1
LINE 0 908 572 908 1
LINE 0 974 572 974 1
LINE 0 1106 400 1106 1
LINE 272 824 272 850 1
LINE 222 1106 222 1144 1
LINE 36 850 36 1106 1
LINE 400 974 400 1144 1
SETBOLD 0
TEXT 7 0 120 826 95338
TEXT 8 0 290 826 ĸ 608 935 556 856
SETBOLD 1
TEXT 55 0 16 830 ˳
;TEXT 55 0 288 830 ˵:
TEXT 55 0 11 854 
TEXT 55 0 11 872 
TEXT 55 0 11 890 
TEXT 55 0 11 913 
TEXT 55 0 11 933 
TEXT 55 0 11 953 
TEXT 55 0 11 1013 
TEXT 55 0 11 1033 
TEXT 55 0 11 1053 
SETBOLD 0
TEXT 55 0 225 1118 úϼƣ
TEXT 55 0 16 1118 ʽ
SETBOLD 0
;ռϢ
TEXT 55 0 46 853 *** *******9016 ֤ȯ֤ȯӪҵ
TEXT 55 0 46 872 㽭ʡ********
TEXT 55 0 46 892 
;ļϢ
TEXT 55 0 46 913  15979313060 ͨڷ
TEXT 55 0 46 932 Ϻо·670ţ䶨·
TEXT 55 0 46 952 
;м
TEXT 55 0 46 979 ,1
TEXT 55 0 46 999 
;úϼ
TEXT 55 0 305 1118 6.07Ԫ
;ʽ
TEXT 55 0 96 1118 
B QR 424 989 M 2 U 3
MA,http://i.sf-express.com/service/app/url/download/client
ENDQR
SETBOLD 0
TEXT 55 0 430 1098 ˳APP
TEXT 55 0 430 1118  ļ ѯ
;ļͻ
BOX 0 1180 572 1649 1
LINE 0 1272 572 1272 1
LINE 0 1342 572 1342 1
LINE 0 1427 572 1427 1
LINE 0 1542 572 1542 1
LINE 0 1605 572 1605 1
TEXT 55 0 196 1499 ˳ȯ8.46Ԫ
TEXT 55 0 196 1521  
LINE 36 1272 36 1427 1
LINE 36 1545 36 1605 1
LINE 272 1605 272 1649 1
SETBOLD 1
TEXT 8 0 158 1243 ĸ 608 935 556 856
TEXT 55 0 11 1282 
TEXT 55 0 11 1302 
TEXT 55 0 11 1322 
TEXT 55 0 11 1357 
TEXT 55 0 11 1377 
TEXT 55 0 11 1397 
TEXT 55 0 11 1546 
TEXT 55 0 11 1566 
TEXT 55 0 11 1586 
SETBOLD 0
TEXT 55 0 10 1433 ʽ
TEXT 55 0 10 1462 ½˺ţ
TEXT 55 0 10 1491 
TEXT 55 0 10 1520 úϼƣ
TEXT 55 0 196 1433 Ʒ
TEXT 55 0 196 1455 ʵ
TEXT 55 0 196 1477 ˷ѣ
TEXT 55 0 10 1607 ռԱ
TEXT 55 0 10 1625 ļڣ
SETBOLD 0
;˵
B 128 3 2 40 80 1194 608935556856
;ռϢ
TEXT 55 0 46 1280 *** *******9016 ֤ȯ֤ȯӪҵ
TEXT 55 0 46 1303 㽭ʡ********
TEXT 55 0 46 1326 
;ļϢ
TEXT 55 0 46 1355  15979313060 ͨڷ
TEXT 55 0 46 1378 Ϻо·670ţ䶨·
TEXT 55 0 46 1401 
;м
TEXT 55 0 46 1557 ,1
TEXT 55 0 46 1577 
;ʽ
TEXT 55 0 88 1433 
;½˺
TEXT 55 0 88 1462 464766625
;
TEXT 55 0 108 1491 489
;ϼƷ
TEXT 55 0 88 1520 6.07Ԫ
;Ʒ
TEXT 55 0 276 1433 5.19
;ʵ
TEXT 55 0 276 1455 5.19
;˷
TEXT 55 0 246 1477 1.36
;ռԱ
TEXT 55 0 78 1607 131146
TEXT 55 0 138 1607 HHT6
;ļ
TEXT 55 0 88 1625 2017-06-25 14:25:14
;ջ
TEXT 55 0 275 1618 3.12Ԫ
;(̬ӡ)
;TEXT 55 0 196 1504 ֵ1250000Ԫ
;TEXT 55 0 196 1524 ۷ã40000Ԫ
;TEXT 55 0 376 1444 Իװ300Ԫ
;TEXT 55 0 376 1464 ׼װ500Ԫ
;TEXT 55 0 376 1484 Żȯ22Ԫ
;TEXT 55 0 376 1504 250000Ԫ
;TEXT 55 0 376 1524 أ40000Ԫ
GAP-SENSE
FORM
PRINT
